state [a-zA-Z_] \d \. [eE] [+-] \* / = < > ! \| \& \\ [bfnrt'] " [{}()\[\];,] [^\S\r\n] \n
0 1 2 3_ -1 8 8 22 9 10 11 12 13 14 17 -1 18 21 -1 -1
1 1 1 -1 -1 -1 -1 -1 -1 -1 -1 -1 -1 -1 -1 -1 -1 -1 -1 -1
2 -1 2 3 5 -1 -1 -1 -1 -1 -1 -1 -1 -1 -1 -1 -1 -1 -1 -1
3 -1 4 -1 5 -1 -1 -1 -1 -1 -1 -1 -1 -1 -1 -1 -1 -1 -1 -1
3_ -1 4 -1 -1 -1 -1 -1 -1 -1 -1 -1 -1 -1 -1 -1 -1 -1 -1 -1
4 -1 4 -1 5 -1 -1 -1 -1 -1 -1 -1 -1 -1 -1 -1 -1 -1 -1 -1
5 -1 7 -1 -1 6 -1 -1 -1 -1 -1 -1 -1 -1 -1 -1 -1 -1 -1 -1
6 -1 7 -1 -1 -1 -1 -1 -1 -1 -1 -1 -1 -1 -1 -1 -1 -1 -1 -1
7 -1 7 -1 -1 -1 -1 -1 -1 -1 -1 -1 -1 -1 -1 -1 -1 -1 -1 -1
9 -1 -1 -1 -1 -1 -1 -1 eq -1 -1 -1 -1 -1 -1 -1 -1 -1 -1 -1
10 -1 -1 -1 -1 -1 -1 -1 le -1 -1 -1 -1 -1 -1 -1 -1 -1 -1 -1
11 -1 -1 -1 -1 -1 -1 -1 ge -1 -1 -1 -1 -1 -1 -1 -1 -1 -1 -1
12 -1 -1 -1 -1 -1 -1 -1 ne -1 -1 -1 -1 -1 -1 -1 -1 -1 -1 -1
13 -1 -1 -1 -1 -1 -1 -1 ne -1 -1 -1 15 -1 -1 -1 -1 -1 -1 -1
14 -1 -1 -1 -1 -1 -1 -1 ne -1 -1 -1 -1 16 -1 -1 -1 -1 -1 -1
17 -1 -1 -1 -1 -1 -1 -1 ne -1 -1 -1 -1 -1 esc esc esc -1 -1 -1
18 18 18 18 -1 18 18 18 18 18 18 18 18 18 19 -1 20 18 18 err
19 -1 -1 -1 -1 -1 -1 -1 -1 -1 -1 -1 -1 -1 18 18 18 -1 -1 -1
22 -1 -1 -1 -1 -1 23 24 -1 -1 -1 -1 -1 -1 -1 -1 -1 -1 -1 -1
23 23 23 23 23 23 23_ 23 23 23 23 23 23 23 23 23 23 23 23 23
23_ 23 23 23 23 23 23_ cc 23 23 23 23 23 23 23 23 23 23 23 23
24 24 24 24 24 24 24 24 24 24 24 24 24 24 24 24 24 24 24 -1

starting_state
0

ending_state token_name
1 identifier_or_keyword
2 int_literal
3 float_literal
4 float_literal
7 float_literal
8 math_op
9 assign_op
10 lt_op
11 gt_op
12 not_op
eq eq_op
le le_op
ge ge_op
ne ne_op
15 bool_or_op
16 bool_and_op
esc escape_sequence
20 string_literal
21 separator
cc multiline_comment
24 inline_comment

special_label token_list
type_keyword boolean|int|float|void
nontype_keyword if|else|for|while|break|continue|return